6193
7565
8325
5069
6040
6867
7596
5994
7589
5535
9885
8043
7510
6802
5316
5718
9103
7195
6691
5595
6015
6349
7519
7383
6803
8958
7843
7391
7984
7845
5614
5612
7811
8063
6033
7362
7483
7281
6446
8051
8466
5211
6430
7509
6801
7141
5828
8007
8830
7721
5573
9179
6783
5126
7529
5194
7150
7593
6756
9273
5498
8828
5502
7386
8521
5871
6479
7586
6574
5505
6523
7408
7240
7776
6158
6379
7542
7603
5893
6083
5731
7292
7138
7482
5370
8059
8353
6477
6304
6021
6095
6873
8307
7534
7714
6011
7547
7940
6436
5981
6967
5062
8415
8350
7295
7585
6366
7890
5861
8825
6368
8294
5857
6513
8061
5371
7588
6805
6025
5690
6010
6142
6271
7582
5699
5601
5517
8722
6026
6647
5607
5868
7480
7537
5800
8130
5906
6311
7183
7704
7057
5753
5239
5479
6345
6535
6313
5779
6506
6238
7455
8056
5862
6084
8259
6024
7577
5077
6429
6835
5032
5081
6605
7232
7574
7374
7291
6081
7471
5475
7572
7567
6114
7570
9768
5748
5262
5143
6910
7328
7404
7275
6262
6553
6686
6144
5504
5118
7285
5152
7515
7288
6643
6683
8458
6275
5527
7595
8206
6362
7928
7244
5088
7502
7530
5577
5552
6035
6382
7507
6903
5631
7797
7604
5042
7193
6850
5911
8446
7184
9071
7523
6770
9230
5605
5533
6451
6840
6663
5610
6187
5829
7601
7546
7532
5713
8323
7484
5691
7599
7385
7242
5564
8769
5447
7500
7580
7077
8819
7838
6490
6741
7336
7581
7590
6038
8511
5850
6279
5205
7727
7279
5275
7544
5282
5565
8356
5704
5608
6904
5796
6765
6270
6200
7591
5742
6094
8342
5879
5837
7283
7561
7194
7381
8329
6640
7422